1024OptimalCreate	1024OptimalRead	1024WorstCreate	1024WorstRead	2048OptimalCreate	2048OptimalRead	2048WorstCreate	2048WorstRead	4096OptimalCreate	4096OptimalRead	4096WorstCreate	4096WorstRead	8192OptimalCreate	8192OptimalRead	8192WorstCreate	8192WorstRead	16384OptimalCreate	16384OptimalRead	16384WorstCreate	16384WorstRead
0.00019	0.000107	0.002392	0.010884	0.000254	0.000208	0.006853	0.037807	0.000494	0.000453	0.030245	0.189373	0.001084	0.000957	0.11973	0.570217	0.002122	0.002009	0.518646	2.295339
0.000183	0.000169	0.003158	0.006584	0.000201	0.000202	0.007703	0.039144	0.000371	0.00044	0.05351	0.180105	0.000927	0.000936	0.108963	0.570155	0.001741	0.001993	0.435394	2.294858
0.000128	0.000079	0.003356	0.016961	0.000197	0.000217	0.00732	0.035581	0.000383	0.000453	0.05358	0.180009	0.001077	0.00095	0.109266	0.569954	0.001748	0.002003	0.435691	2.292149
0.000142	0.00016	0.0031	0.016565	0.000217	0.000207	0.006982	0.035392	0.000391	0.00045	0.053483	0.179947	0.000841	0.000958	0.109365	0.570451	0.00179	0.002	0.436318	2.294602
0.000181	0.000138	0.002553	0.012341	0.000189	0.000206	0.006996	0.035264	0.000516	0.00045	0.053424	0.179954	0.000803	0.000954	0.109692	0.570044	0.00211	0.002004	0.436558	2.294282
0.000117	0.000097	0.001771	0.009576	0.000182	0.000209	0.006998	0.035352	0.000399	0.000453	0.053516	0.180372	0.00082	0.000956	0.109467	0.569965	0.001894	0.002002	0.435844	2.296904
0.000113	0.000081	0.00174	0.008639	0.000223	0.000208	0.006995	0.035222	0.000398	0.000448	0.053588	0.180124	0.000916	0.000946	0.110435	0.570445	0.001685	0.002004	0.435923	2.291319
0.000097	0.000078	0.001721	0.008639	0.000208	0.000209	0.006993	0.035184	0.000383	0.000453	0.053424	0.18013	0.001047	0.000945	0.108957	0.569822	0.002227	0.002013	0.43601	2.298622
0.000125	0.000084	0.001746	0.008639	0.00019	0.000207	0.006956	0.035254	0.000509	0.000452	0.053347	0.180131	0.000809	0.000952	0.109356	0.584314	0.001928	0.001994	0.438381	2.293207
0.000105	0.000096	0.001656	0.008657	0.000246	0.000205	0.006999	0.035313	0.000483	0.000449	0.053308	0.14547	0.000804	0.000934	0.110024	0.569987	0.002016	0.001992	0.436024	2.294442
0.000195	0.000118	0.00297	0.01204	0.000246	0.000211	0.007002	0.036443	0.000494	0.000447	0.029597	0.180908	0.001015	0.000974	0.111677	0.574844	0.002095	0.002071	0.510225	2.3032
0.000164	0.000176	0.00285	0.009947	0.000182	0.000209	0.007252	0.038248	0.000383	0.000449	0.050362	0.143137	0.001105	0.001048	0.110736	0.570644	0.001872	0.002074	0.442306	2.301225
0.000157	0.000125	0.00281	0.009916	0.000251	0.000217	0.006995	0.035214	0.00039	0.000456	0.02804	0.142064	0.000811	0.000964	0.110582	0.57122	0.002216	0.00207	0.443927	2.300593
0.000162	0.000134	0.002771	0.00989	0.000241	0.000215	0.007052	0.035119	0.000395	0.000451	0.028437	0.156121	0.000903	0.000981	0.110536	0.571097	0.00192	0.002048	0.442895	2.302768
0.000158	0.000137	0.003173	0.017436	0.000252	0.000212	0.007017	0.035141	0.000393	0.00045	0.027818	0.141807	0.001058	0.000981	0.111719	0.642497	0.001711	0.002085	0.443062	2.299004
0.000195	0.000165	0.002928	0.013031	0.000208	0.000214	0.006958	0.035159	0.000391	0.000461	0.027776	0.141853	0.000834	0.000973	0.122419	0.572202	0.001707	0.001998	0.442234	2.301759
0.000158	0.000124	0.00277	0.009914	0.000183	0.000214	0.006974	0.035161	0.000439	0.000463	0.027776	0.143748	0.001083	0.000967	0.11043	0.570301	0.001693	0.002086	0.441908	2.293116
0.000166	0.000128	0.002779	0.009943	0.000232	0.000211	0.007027	0.03515	0.000546	0.000569	0.03296	0.143022	0.000826	0.000977	0.110465	0.569883	0.002177	0.002093	0.441388	2.292451
0.00016	0.000125	0.002777	0.008904	0.000191	0.000211	0.006974	0.035262	0.000487	0.000464	0.027804	0.150747	0.001055	0.000978	0.110867	0.570756	0.002222	0.002055	0.441426	2.293511
0.000114	0.000132	0.00209	0.008916	0.000197	0.000211	0.006986	0.035123	0.000676	0.00065	0.031495	0.148685	0.000978	0.000976	0.110629	0.57015	0.00194	0.00209	0.441521	2.293027
0.000107	0.000096	0.001724	0.008648	0.000189	0.000212	0.006976	0.035168	0.000392	0.000448	0.027777	0.141994	0.000834	0.000981	0.110471	0.57052	0.002225	0.00209	0.441606	2.295476
0.000095	0.000089	0.001715	0.008654	0.000266	0.000211	0.006968	0.035137	0.000395	0.000458	0.027796	0.142049	0.000839	0.000977	0.110512	0.572947	0.00194	0.002078	0.440914	2.304165
0.000105	0.0001	0.001716	0.00861	0.000246	0.000211	0.007011	0.035176	0.000506	0.000464	0.027912	0.163325	0.000829	0.000979	0.110639	0.570831	0.001989	0.002081	0.446194	2.309754
0.000108	0.000086	0.001718	0.008615	0.000198	0.00021	0.007033	0.035132	0.00039	0.000442	0.027832	0.141848	0.001091	0.00098	0.110583	0.571919	0.002047	0.002094	0.443914	2.30782
0.000131	0.000087	0.001729	0.008647	0.000187	0.000211	0.00702	0.035135	0.000388	0.00046	0.027888	0.158835	0.000885	0.000967	0.110854	0.570535	0.001922	0.00207	0.45321	2.487145
0.000104	0.000082	0.001747	0.008702	0.000246	0.00021	0.006997	0.035144	0.000391	0.000455	0.028184	0.151478	0.000973	0.000967	0.110764	0.571305	0.002153	0.002107	0.444808	2.302261
0.000105	0.000095	0.001719	0.008618	0.000259	0.000211	0.007006	0.035163	0.000388	0.000465	0.028063	0.151535	0.000831	0.000971	0.110632	0.570046	0.002048	0.002074	0.441884	2.312827
0.000102	0.000082	0.001718	0.008614	0.000233	0.00021	0.006987	0.035168	0.000501	0.000449	0.028605	0.151992	0.000807	0.000978	0.1107	0.570144	0.002107	0.002103	0.444658	2.306406
0.000106	0.000073	0.001709	0.008629	0.000255	0.000214	0.006966	0.035182	0.000477	0.000458	0.028171	0.149572	0.000957	0.000978	0.110768	0.570857	0.002056	0.002097	0.442887	2.304025
0.000119	0.000079	0.001777	0.008616	0.000254	0.000209	0.007033	0.035161	0.000454	0.00047	0.028474	0.159837	0.00088	0.000975	0.110543	0.570245	0.001714	0.002071	0.444405	2.29829
0.000089	0.000081	0.001722	0.009012	0.000193	0.000208	0.006978	0.035188	0.000509	0.000432	0.031131	0.154794	0.000797	0.000966	0.110688	0.570379	0.001969	0.002067	0.444539	2.307145
0.000118	0.000099	0.002089	0.009656	0.000249	0.000208	0.007009	0.035159	0.000391	0.000448	0.0279	0.142252	0.00106	0.000973	0.110545	0.570676	0.001825	0.002079	0.442683	2.308348
0.000103	0.000098	0.001759	0.009583	0.000202	0.000212	0.006972	0.035121	0.000392	0.000463	0.027941	0.141955	0.000891	0.000977	0.110936	0.572438	0.001973	0.002069	0.444499	2.310416
0.000097	0.000094	0.001762	0.009562	0.000186	0.000212	0.006967	0.035124	0.000399	0.000477	0.027817	0.151062	0.000885	0.000977	0.111618	0.570502	0.002007	0.002079	0.721951	2.321715
0.000108	0.000103	0.001763	0.008664	0.000179	0.000211	0.006955	0.035156	0.000409	0.000451	0.027758	0.141798	0.000812	0.000991	0.110477	0.570698	0.002108	0.00209	0.448979	2.327287
0.000091	0.000082	0.00171	0.008622	0.000201	0.000211	0.00701	0.035134	0.000508	0.000458	0.027848	0.16461	0.000976	0.000979	0.110614	0.570824	0.001748	0.002078	0.448166	2.400457
0.000107	0.000097	0.001724	0.00864	0.000261	0.000211	0.007021	0.035154	0.000385	0.000445	0.053701	0.179748	0.000967	0.000981	0.110597	0.570355	0.001798	0.002081	0.445253	2.372405
0.000102	0.000078	0.001716	0.008611	0.000206	0.00021	0.006952	0.035115	0.000451	0.000462	0.053614	0.179779	0.000997	0.000981	0.110723	0.570523	0.001731	0.002092	0.446976	2.319057
0.000085	0.000083	0.001723	0.008611	0.000195	0.000209	0.006984	0.035116	0.000513	0.000468	0.053645	0.179796	0.001018	0.000981	0.11051	0.570446	0.001971	0.002076	0.448023	2.304415
0.000108	0.000088	0.001719	0.008625	0.000217	0.000211	0.006961	0.035105	0.000502	0.000468	0.053681	0.167326	0.001037	0.000966	0.11069	0.570374	0.002145	0.002093	0.44343	2.294958
0.000092	0.000079	0.001717	0.008608	0.000256	0.000213	0.006976	0.035148	0.000517	0.000463	0.027862	0.142093	0.000928	0.000969	0.110578	0.570636	0.001939	0.002089	0.447051	2.305286
0.000101	0.00009	0.001716	0.008615	0.000197	0.000212	0.006972	0.035201	0.000495	0.000461	0.027877	0.141822	0.000967	0.00098	0.110633	0.570694	0.002099	0.002082	0.446616	2.580279
0.00011	0.000077	0.001712	0.008618	0.000216	0.000211	0.007014	0.036068	0.000394	0.000463	0.027825	0.141767	0.000881	0.000978	0.11048	0.570535	0.001938	0.002121	0.564864	2.311443
0.000101	0.000085	0.001722	0.008635	0.000246	0.00021	0.007166	0.036365	0.000408	0.000461	0.027725	0.141905	0.001004	0.000983	0.110651	0.570951	0.001706	0.00209	0.442537	2.307021
0.000094	0.000081	0.00172	0.008604	0.000211	0.000211	0.007147	0.036354	0.000396	0.000459	0.02796	0.141816	0.000807	0.000979	0.110547	0.571653	0.001894	0.002074	0.480993	2.291121
0.000108	0.00009	0.001714	0.008612	0.00024	0.000211	0.007211	0.036398	0.000382	0.000462	0.027852	0.141799	0.001002	0.000971	0.110703	0.570714	0.002234	0.002098	0.44225	2.291767
0.000111	0.000082	0.001764	0.008609	0.000191	0.00021	0.007191	0.036449	0.000394	0.000465	0.028023	0.141816	0.000812	0.000973	0.110848	0.570699	0.001938	0.002078	0.441854	2.294527
0.000125	0.000081	0.001724	0.008629	0.000241	0.000211	0.007603	0.035369	0.000401	0.000465	0.027844	0.142051	0.001064	0.000974	0.110627	0.570455	0.001887	0.002074	0.441711	2.291674
0.000124	0.000086	0.001733	0.008676	0.000198	0.000211	0.006973	0.035224	0.000392	0.000466	0.027734	0.141981	0.000946	0.000973	0.1104	0.570627	0.001769	0.002077	0.440791	2.292061
0.000124	0.000089	0.00175	0.008609	0.000196	0.000212	0.006967	0.035142	0.000398	0.000467	0.027807	0.142068	0.001	0.000978	0.110499	0.570729	0.002107	0.002061	0.441329	2.292788