1024OptimalCreate	1024OptimalRead	1024WorstCreate	1024WorstRead	2048OptimalCreate	2048OptimalRead	2048WorstCreate	2048WorstRead	4096OptimalCreate	4096OptimalRead	4096WorstCreate	4096WorstRead	8192OptimalCreate	8192OptimalRead	8192WorstCreate	8192WorstRead	16384OptimalCreate	16384OptimalRead	16384WorstCreate	16384WorstRead
0.000249991	0.000244418	0.013092775	0.012016821	0.000325304	0.000284142	0.042924244	0.044937573	0.000608478	0.000639195	0.196856524	0.185819763	0.001536404	0.001440544	0.554282716	0.71410699	0.002837037	0.002574479	2.363012415	2.880224803
0.000243013	0.000258331	0.009517752	0.014528266	0.000243038	0.000371567	0.036551924	0.042163255	0.000527418	0.000751354	0.153137536	0.169857068	0.001333369	0.001374095	0.718183034	0.700102632	0.002878175	0.00256259	2.364516775	2.884637932
0.000216006	0.000246583	0.014148089	0.012555403	0.000247166	0.000369655	0.036517691	0.041985492	0.000543193	0.000620965	0.148397033	0.16966799	0.001355178	0.001777917	0.614845752	0.691600407	0.003688652	0.003338904	2.363094175	2.880983283
0.00023362	0.000245465	0.009486788	0.010854177	0.000248984	0.000366521	0.036691495	0.042011022	0.000538673	0.000646113	0.14838664	0.169761158	0.001465771	0.001430527	0.587284308	0.694658111	0.003916306	0.003619655	2.364978327	2.883843806
0.000226875	0.000248481	0.011985724	0.011962428	0.000259057	0.000299181	0.036527889	0.041983164	0.000538398	0.000655805	0.147787342	0.171903228	0.001362379	0.001668315	0.561660952	0.691562689	0.003661215	0.003536981	2.36329365	2.886618807
0.000240791	0.000250795	0.009127053	0.010440767	0.00026921	0.000296709	0.033502214	0.041383326	0.000898151	0.000839869	0.136296235	0.168623864	0.00184981	0.00161021	0.648673165	0.72472951	0.003716304	0.002530814	2.363648292	2.948162363
0.00022103	0.000249102	0.009268536	0.010511039	0.000245078	0.000295398	0.033524523	0.04147459	0.000704125	0.000814361	0.145039484	0.169761774	0.001662262	0.001640816	0.584434474	0.695313061	0.002962486	0.002478637	2.421868097	2.888587775
0.000242416	0.000241558	0.009112809	0.010435474	0.000252415	0.000295913	0.035685225	0.042003817	0.00076746	0.000786862	0.138870698	0.169194142	0.001671551	0.001634471	0.558197397	0.69031262	0.002949798	0.002701746	2.371548275	2.887971985
0.000224481	0.000234581	0.009104182	0.010473664	0.000253693	0.000295802	0.03430261	0.041687647	0.00072851	0.000758021	0.144133393	0.169870929	0.001727669	0.001643954	0.583257565	0.695384163	0.002878642	0.00256512	2.374101741	2.949712146
0.000236735	0.000235705	0.008613701	0.01000979	0.000272176	0.000284083	0.033779959	0.041391026	0.000774607	0.000722515	0.136045271	0.169477451	0.00180935	0.00161221	0.550614807	0.685001918	0.002991647	0.002629265	2.37442015	2.890209414
0.000223522	0.000240655	0.008568541	0.010096572	0.000271854	0.000290881	0.033508737	0.041643567	0.000766271	0.000758067	0.144085074	0.169856636	0.001819679	0.001601349	0.588448633	0.69480247	0.002881864	0.002577382	2.371524262	2.890142476
0.000236091	0.000248672	0.008351891	0.01007187	0.000245981	0.000300466	0.040836053	0.045995119	0.000729509	0.000768137	0.140290336	0.169563442	0.001713433	0.00161939	0.562639686	0.690562337	0.002957339	0.002631596	2.373651873	2.887381663
0.000218846	0.000186456	0.008763555	0.010128544	0.000266405	0.000352337	0.034557347	0.041645645	0.000724308	0.00077599	0.1454903	0.171046121	0.001203791	0.001262809	0.586716483	0.694087111	0.003138207	0.00253732	2.367845713	2.889327194
0.000184119	0.000211265	0.008374564	0.010077039	0.000254053	0.000375286	0.036079658	0.041803382	0.000730949	0.00077654	0.142066248	0.171324146	0.001184873	0.001434808	0.561621137	0.689791826	0.002869417	0.00245182	2.372453027	2.89098122
0.000164296	0.000173588	0.008593789	0.010200701	0.000325775	0.000288609	0.03434392	0.041663116	0.000734621	0.000771029	0.146311915	0.171482006	0.00119948	0.001525736	0.579489172	0.691534907	0.002866406	0.002667727	2.365300237	2.940065121
0.000162601	0.000179973	0.008368826	0.010125772	0.000325876	0.000304729	0.035096032	0.041807585	0.000738761	0.000792453	0.144113015	0.174580509	0.001192275	0.001260912	0.561717975	0.690369818	0.00292128	0.00335151	2.363629062	2.871298183
0.000174466	0.000176462	0.008580907	0.010109742	0.000252989	0.000293743	0.034601154	0.041863507	0.000736663	0.000778866	0.207868519	0.213749653	0.001179214	0.001316981	0.580045373	0.692291914	0.002825642	0.002568063	2.38158641	2.901548204
0.000173935	0.000182736	0.008206683	0.009980037	0.000273703	0.000285037	0.033549937	0.041516368	0.000781552	0.000770751	0.168729375	0.187139176	0.001166541	0.001162083	0.54943258	0.684689242	0.002820741	0.002461698	2.377269523	2.922316267
0.000162127	0.000184098	0.008157106	0.009975729	0.000241545	0.000298309	0.035683171	0.041881216	0.000728269	0.00078048	0.162260733	0.191611721	0.001266908	0.001567943	0.58632013	0.696703153	0.002983111	0.002544337	2.392755109	2.89494802
0.000161857	0.00017546	0.008538502	0.010113786	0.000253189	0.000289264	0.034617266	0.041740518	0.000731235	0.000769724	0.157962175	0.192049652	0.001177229	0.001281317	0.560833297	0.690793085	0.002910719	0.002439623	2.360515419	2.887148073
0.000164382	0.000176062	0.008297686	0.010056138	0.00024273	0.000276012	0.035592072	0.0419357	0.000729942	0.00077347	0.15887272	0.188925379	0.0011899	0.001580463	0.585649835	0.696107268	0.00313626	0.003040264	2.364569783	2.887165529
0.000178688	0.000180384	0.008555683	0.010102982	0.00024944	0.000277618	0.034896907	0.041799957	0.000728457	0.000765472	0.153627735	0.189333522	0.001168781	0.001314106	0.56145409	0.690807955	0.003122395	0.002352483	2.36557229	2.937695297
0.000172719	0.00018099	0.008300536	0.010058106	0.000243433	0.00028269	0.035378406	0.041989544	0.000722398	0.000777992	0.161746884	0.191907745	0.00152573	0.001975331	0.580069237	0.692885506	0.002953364	0.002545146	2.35597357	2.885003923
0.000171827	0.000181985	0.008520392	0.010105841	0.000251786	0.000276299	0.034791951	0.041769536	0.000730548	0.000779253	0.153253753	0.187332614	0.003236779	0.001648033	0.562064682	0.690820355	0.002918403	0.002689639	2.447031627	2.897954469
0.000172861	0.000182271	0.008342585	0.010054674	0.000279629	0.000384287	0.035469421	0.041869875	0.000718004	0.000763203	0.16371685	0.190603197	0.001406222	0.001315795	0.579991867	0.693406211	0.002901061	0.002857349	2.374663897	2.892089144
0.00017095	0.000179133	0.008506985	0.010072823	0.000320107	0.000369961	0.034530478	0.04220415	0.00064023	0.000602384	0.157694596	0.187900518	0.001213407	0.001267288	0.56223392	0.6914457	0.002893051	0.002570085	2.374201307	2.897292227
0.000228997	0.000214898	0.008325711	0.010140472	0.00025971	0.000295511	0.039600199	0.042055481	0.00052247	0.000617318	0.161995512	0.189438886	0.00129682	0.001309664	0.580486223	0.691770614	0.003095157	0.002615593	2.539960318	2.885483398
0.000169741	0.000216991	0.008517106	0.0101009	0.000269142	0.000293643	0.03453185	0.041737761	0.000722799	0.00061385	0.157485559	0.190860827	0.001188727	0.001573956	0.562484032	0.691360405	0.002954292	0.002459096	2.367838568	2.887844155
0.000163125	0.000219854	0.008330738	0.010052221	0.000302736	0.000284504	0.03585254	0.042271289	0.000600914	0.000734966	0.163096398	0.18782517	0.001176487	0.001249509	0.579552394	0.692470635	0.002855925	0.002619881	2.367203461	2.890981559
0.000162518	0.000181808	0.008526523	0.010069244	0.00030892	0.000306639	0.040808149	0.044592896	0.000538944	0.000640478	0.158305715	0.189785603	0.001160431	0.001247187	0.562305695	0.691771698	0.002836258	0.00255307	2.364200225	2.885791536
0.000173634	0.000182403	0.008343545	0.010475953	0.000339606	0.000368369	0.0409889	0.044687891	0.000540254	0.000625464	0.163989226	0.189664117	0.00118445	0.001420334	0.580988189	0.691235456	0.00285142	0.002970265	2.83676959	2.888214135
0.00016906	0.000185498	0.008589426	0.01012491	0.000326048	0.000363386	0.040784261	0.04274858	0.000570127	0.000617517	0.15879695	0.186569017	0.001180719	0.001282564	0.562942918	0.690419397	0.003147334	0.002638691	2.401558732	2.89424475
0.000169652	0.000180716	0.008440037	0.010171631	0.000318764	0.000385386	0.035598915	0.041821671	0.00053059	0.000610193	0.159420126	0.1887167	0.001186895	0.001217103	0.580229348	0.693443732	0.002867219	0.002535795	2.371114606	2.893511894
0.000172424	0.000181083	0.008195064	0.010062561	0.000399703	0.000382015	0.033642944	0.041508345	0.000502981	0.000610681	0.151580965	0.185781165	0.001250625	0.001353328	0.550124401	0.686033189	0.002909926	0.002493644	2.362562712	3.007525698
0.000183307	0.000184074	0.00824229	0.010041704	0.000390184	0.000369698	0.035607348	0.041945628	0.000529296	0.000766892	0.160962496	0.189969738	0.001196299	0.001241134	0.587868862	0.695472597	0.003101449	0.002569382	2.368133753	2.887559939
0.000163183	0.00018312	0.008163124	0.009986151	0.000322608	0.0003956	0.034416399	0.041588019	0.000528419	0.000604174	0.154228475	0.191087833	0.00118795	0.001281727	0.561480031	0.68947798	0.002840933	0.002563087	2.359020859	2.893867143
0.000172682	0.000181745	0.008169465	0.010052228	0.000342576	0.000412454	0.035790723	0.041914072	0.000543893	0.000602316	0.165067138	0.188774266	0.001155901	0.001254074	0.587707377	0.694532035	0.002870383	0.002595847	2.361505849	2.883573302
0.00017101	0.000182548	0.00903447	0.010138834	0.000320066	0.000385609	0.034452433	0.041829273	0.000541754	0.000725159	0.154793236	0.187277921	0.001165435	0.001250644	0.562631204	0.690296896	0.002826068	0.002542317	2.446006297	2.905493996
0.000171702	0.000182356	0.008313889	0.010171054	0.000327582	0.000425582	0.035477476	0.041826585	0.000540383	0.000613796	0.160802177	0.186788369	0.001144765	0.001376228	0.5823185	0.693557299	0.002879352	0.00256443	2.384653054	2.891150752
0.000166067	0.000185962	0.008611265	0.010151798	0.000320974	0.000427097	0.034705832	0.041690544	0.000529196	0.000582097	0.155344375	0.193184688	0.001464053	0.001229297	0.562724512	0.69081405	0.002874756	0.002598855	2.372675263	2.901560685
0.000159759	0.000181964	0.008349319	0.010175492	0.000331415	0.000424436	0.035570501	0.041770185	0.000581641	0.000605455	0.159613343	0.186969764	0.001431022	0.001280021	0.583624285	0.693866232	0.002876974	0.002593052	2.383059561	2.901868338
0.000171313	0.000182977	0.008556156	0.010175953	0.000325162	0.000427251	0.034719832	0.041642177	0.00053991	0.000582938	0.154349153	0.195898415	0.001359248	0.001261987	0.564048285	0.690125167	0.002869348	0.002622643	2.402797871	2.889471663
0.000183472	0.000185544	0.008380675	0.010196313	0.000324338	0.000386565	0.035500295	0.041740988	0.00054002	0.000604937	0.159145577	0.189629382	0.001394165	0.001248386	0.582165617	0.692183662	0.002880208	0.002561198	2.359691866	2.898859534
0.000163901	0.000181435	0.008843975	0.010180027	0.000334762	0.00038337	0.034631553	0.041642539	0.000543367	0.000624959	0.156614535	0.187052846	0.001180843	0.001520938	0.563389881	0.690573266	0.002881116	0.00258364	2.390937805	2.906546247
0.000159454	0.000182637	0.008400205	0.01019769	0.000324342	0.000382151	0.036098989	0.041474081	0.00059447	0.000689423	0.162079413	0.191253376	0.001185513	0.001509191	0.583438561	0.69443339	0.002875238	0.00264966	2.383989777	2.890102738
0.000175599	0.000182318	0.008555915	0.010188946	0.00032263	0.000353835	0.034843724	0.041641223	0.000625941	0.000704528	0.157070264	0.190308297	0.00116963	0.001263737	0.563262838	0.689521658	0.002870615	0.002417866	2.37777124	2.921736385
0.000164371	0.000181114	0.008424734	0.010189441	0.000337895	0.000369298	0.035797136	0.04303996	0.000605818	0.000774054	0.157891202	0.188560656	0.001163652	0.001269882	0.583671707	0.692315947	0.002832183	0.002433425	2.378311422	2.893840843
0.000168033	0.000186525	0.008598254	0.010186279	0.000342056	0.00042613	0.035717562	0.041841123	0.000589902	0.000642298	0.155538492	0.192405037	0.0011885	0.001163057	0.564253325	0.690485003	0.003260163	0.002529371	2.376075359	2.946408637
0.000157376	0.000181533	0.008491077	0.010158919	0.00037929	0.000410358	0.035657353	0.041754774	0.000553633	0.000637096	0.165598428	0.18811807	0.001191331	0.001253926	0.582291446	0.692439808	0.002917274	0.00277859	2.372623401	2.892897343
0.000156366	0.000179681	0.008616894	0.010110515	0.000324146	0.000361354	0.03478523	0.041749603	0.000546366	0.000630766	0.155337782	0.18952825	0.001171703	0.001278501	0.563962445	0.690114092	0.002969926	0.002499915	2.376054597	2.890001338