1024OptimalCreate	1024OptimalRead	1024WorstCreate	1024WorstRead	2048OptimalCreate	2048OptimalRead	2048WorstCreate	2048WorstRead	4096OptimalCreate	4096OptimalRead	4096WorstCreate	4096WorstRead	8192OptimalCreate	8192OptimalRead	8192WorstCreate	8192WorstRead	16384OptimalCreate	16384OptimalRead	16384WorstCreate	16384WorstRead
0.000746791	0.000391217	0.070938457	0.024746524	0.001328938	0.000675773	0.153484753	0.096503618	0.002915514	0.001496274	0.69121712	0.459902212	0.006153995	0.003253105	2.876422724	1.836085593	0.014763148	0.00867499	x	x
0.000684035	0.000376177	0.036773396	0.023643696	0.001181567	0.000690186	0.146668238	0.095423434	0.002699945	0.001463816	0.68618367	0.41592649	0.006093264	0.004103921	2.655128542	1.87868622	0.015541991	0.006845406	x	x
0.000657409	0.000359357	0.03677623	0.023676391	0.001187784	0.000682056	0.146336071	0.096050012	0.002639278	0.001666165	0.604320028	0.400948539	0.008053755	0.004286774	2.71189489	1.833884979	0.013684966	0.008984569	x	x
0.000586777	0.000348817	0.038293347	0.025529521	0.001196958	0.000692472	0.146638246	0.095983319	0.003555097	0.001964774	0.605281599	0.40256999	0.006433153	0.003164316	2.73762832	1.870115829	0.013861333	0.006818844	x	x
0.000588557	0.000337421	0.038759386	0.023615221	0.001199886	0.000711967	0.146653026	0.095876927	0.003627481	0.001599129	0.604281383	0.402060779	0.005933865	0.003180053	2.789072544	1.89209086	0.01330343	0.006792043	x	x
0.000587509	0.000317498	0.036487903	0.023802037	0.001235861	0.000687439	0.146344012	0.095793901	0.002647701	0.001464485	0.602959906	0.403412583	0.0058473	0.003140287	2.766789727	1.826687822	0.01330166	0.006794852	x	x
0.000538292	0.000315972	0.03612793	0.023383043	0.00118552	0.000689874	0.14617642	0.095961821	0.002633728	0.001472225	0.60018494	0.401444421	0.005945983	0.003399379	3.124429192	2.115906152	0.013311123	0.006866822	x	x
0.000535686	0.000352499	0.036528915	0.023219894	0.001614838	0.000932512	0.146258269	0.096029951	0.00282801	0.002018327	0.603136926	0.422409887	0.005917108	0.003188044	3.151165439	2.316458248	0.013314182	0.006788415	x	x
0.000527408	0.000314793	0.036116617	0.023452591	0.001469108	0.000875563	0.146129659	0.09641521	0.003272993	0.001782466	0.628200361	0.434369702	0.005984295	0.003171528	3.142319526	2.126318787	0.013242803	0.006780861	x	x
0.000539449	0.000318779	0.036104823	0.023912948	0.001492679	0.000875277	0.145508773	0.096747164	0.003689983	0.0016231	0.635211943	0.401418492	0.005970906	0.003176701	3.065870462	1.943406776	0.013301007	0.006795213	x	x
0.000524893	0.00031471	0.036077668	0.02356963	0.001454566	0.000877253	0.144847169	0.095787712	0.002789403	0.00149238	0.594078409	0.403632663	0.005892536	0.003174624	2.815050704	1.97445646	0.013311597	0.006789136	x	x
0.000538854	0.000316355	0.036356033	0.023315403	0.001455631	0.000873379	0.159954375	0.096233685	0.002654356	0.001892298	0.623616007	0.408613928	0.005822527	0.003143674	3.054658139	2.015441013	0.013293206	0.006753768	x	x
0.000534778	0.000316663	0.036287299	0.023246726	0.00146128	0.000858052	0.145833674	0.096150009	0.004561187	0.002509438	0.604523326	0.425490338	0.005792419	0.003143565	3.067839339	2.032118059	0.013240295	0.006797419	x	x
0.000533413	0.000315874	0.03602572	0.023732236	0.001496585	0.000893629	0.146191624	0.096935657	0.004345413	0.001535521	0.598616745	0.436501574	0.00583806	0.003133423	3.023925889	2.025806921	0.013325275	0.006774676	x	x
0.000529558	0.000318754	0.036159723	0.023506509	0.001476555	0.000883711	0.193891961	0.120929983	0.002681242	0.001602175	0.637007236	0.485211322	0.005771324	0.003146552	3.088616689	2.040620513	0.013283601	0.006761466	x	x
0.000528189	0.000317864	0.036699457	0.023364708	0.001480294	0.000898382	0.156468591	0.098005103	0.00264479	0.001475763	0.622375535	0.408789019	0.005840335	0.003140255	2.933152381	1.976354624	0.01336164	0.006765782	x	x
0.000525013	0.000316285	0.036299684	0.023515078	0.001474883	0.000907852	0.161600461	0.096237373	0.002886283	0.003392071	0.594699003	0.41037022	0.00581775	0.003134752	2.827606687	1.98432105	0.01336819	0.006811328	x	x
0.000546254	0.000314936	0.036130617	0.023892489	0.001519719	0.00098349	0.16203578	0.139401086	0.006054381	0.002709552	0.613922584	0.429953248	0.005889593	0.003166901	2.944035328	1.930293871	0.01330451	0.006808836	x	x
0.000531981	0.00031697	0.036350258	0.023597489	0.00145834	0.000690512	0.162789607	0.112392489	0.005717965	0.001668275	0.651388096	0.475961779	0.005761263	0.003132217	2.996316242	1.927422376	0.013296897	0.006808782	x	x
0.000533755	0.00031483	0.036856949	0.023752333	0.001189264	0.000700583	0.164632584	0.10496569	0.002928714	0.003244469	0.730112822	0.402913095	0.005787366	0.003144334	2.726408903	1.805982659	0.013276012	0.006787022	x	x
0.000559329	0.000315364	0.036145677	0.023384902	0.00125394	0.000801319	0.172536781	0.107099565	0.004893638	0.003082036	0.61571321	0.411387851	0.005808441	0.003127205	2.639561475	1.762890979	0.013319701	0.006796357	x	x
0.000532589	0.000315838	0.03669789	0.023422278	0.001242912	0.000702096	0.170963383	0.106973385	0.005205553	0.001699925	0.610342002	0.419571226	0.005856815	0.003123356	2.61387532	1.758476509	0.013303015	0.006776838	x	x
0.000526197	0.000320534	0.036139679	0.023423602	0.001199272	0.000691409	0.158283391	0.129235833	0.002970585	0.001461328	0.604790779	0.401883333	0.005793802	0.003140682	2.61734118	1.831763814	0.013209368	0.006767246	x	x
0.00052665	0.000322333	0.036158213	0.023335915	0.001180998	0.000688481	0.208981386	0.104548245	0.0027117	0.00166858	0.597715659	0.401127522	0.005876551	0.003143877	2.642893064	1.843971502	0.013285024	0.006815836	x	x
0.000536117	0.000321918	0.036311609	0.023475278	0.001181133	0.000687982	0.17321417	0.111601152	0.002684095	0.001487531	0.597500115	0.400522868	0.005803283	0.003164007	2.843993744	1.856390294	0.013233738	0.006791431	x	x
0.000538272	0.000316242	0.036251867	0.023477493	0.001183327	0.000687391	0.164618267	0.104208448	0.002799368	0.001460876	0.59548318	0.432834432	0.005864027	0.00313995	2.944737458	1.805042416	0.013343687	0.006799183	x	x
0.000534309	0.000314855	0.036296033	0.023550776	0.001187549	0.0006907	0.153203398	0.108932767	0.00262252	0.001550884	0.626625486	0.408344065	0.005792055	0.003141541	2.596151283	1.7237479	0.013287811	0.006781037	x	x
0.000536835	0.000319307	0.036434641	0.023725729	0.001189729	0.000686036	0.183570761	0.115752968	0.002688589	0.001450779	0.600411176	0.408243563	0.00582249	0.003183393	2.513549841	1.853350748	0.013374115	0.0067926	x	x
0.000533336	0.000316543	0.036143714	0.023390787	0.00126479	0.000778487	0.180125088	0.096432978	0.002780278	0.001555334	0.640124295	0.402344271	0.005833183	0.003145747	2.653612661	1.897690378	0.01326488	0.006771863	x	x
0.000530218	0.000314802	0.036427796	0.023571695	0.00145416	0.000884199	0.160220038	0.095707393	0.002644865	0.001466946	0.618106097	0.428837601	0.005853042	0.003167385	2.982648489	1.756615184	0.013328455	0.006764478	x	x
0.000525673	0.000316815	0.036634587	0.023336213	0.001531508	0.000864055	0.146094167	0.096235263	0.002774168	0.001447798	0.597704695	0.402176375	0.005932201	0.003131866	2.650603408	1.760750841	0.013216307	0.006775354	x	x
0.000525857	0.000317084	0.036101057	0.023608532	0.001438567	0.000790702	0.146969926	0.09618411	0.002624781	0.0015548	0.592629199	0.398455142	0.005833945	0.003152555	2.623854438	1.749877706	0.013375549	0.006785467	x	x
0.000530552	0.000314426	0.036694439	0.023519444	0.001342987	0.000755414	0.146429821	0.096020841	0.002673096	0.001464789	0.594907975	0.400739363	0.005879099	0.003181517	2.914518122	1.753021979	0.013208474	0.006775671	x	x
0.00069937	0.000431687	0.03624642	0.023822407	0.00127834	0.000710821	0.146713861	0.097020606	0.002870876	0.001518393	0.597033002	0.39971046	0.006000262	0.003136483	2.64267731	1.785692848	0.013307193	0.006803986	x	x
0.000910081	0.000507625	0.036121404	0.023523681	0.001178917	0.000686753	0.146821911	0.096105552	0.002629417	0.001455569	0.599635229	0.403156069	0.005896984	0.003163086	2.669138068	1.770534311	0.013232069	0.006886464	x	x
0.000811536	0.000520679	0.036838893	0.023621087	0.001193143	0.00068565	0.146919459	0.100898781	0.00285731	0.001450196	0.595026509	0.397086799	0.005831754	0.003119717	2.630521749	1.743096159	0.013343508	0.006823258	x	x
0.000893003	0.000488575	0.036496629	0.023550562	0.001183187	0.000682949	0.157616186	0.107127888	0.002654271	0.001660217	0.598082151	0.403036408	0.00584422	0.003206222	2.653051304	1.759241397	0.013338573	0.006766869	x	x
0.000916187	0.000557179	0.036112396	0.023404097	0.001180476	0.000683746	0.159765196	0.095604749	0.002678836	0.001462223	0.594033776	0.399251751	0.0058093	0.00312317	2.644338025	1.747884536	0.013283654	0.006801345	x	x
0.000896675	0.000560394	0.036236757	0.023225205	0.001187962	0.000686794	0.152463446	0.112247308	0.002740076	0.001496353	0.597519652	0.402547727	0.005873812	0.003225266	2.664467914	1.765083399	0.013336736	0.006747513	x	x
0.000899079	0.000528005	0.036151809	0.023587932	0.001179072	0.000716348	0.167211304	0.10110468	0.002625625	0.001455805	0.595939196	0.399411572	0.00590738	0.003143898	2.647061658	1.748870066	0.013237211	0.006788255	x	x
0.00083532	0.000519423	0.036357841	0.023613562	0.001181736	0.000689042	0.155333743	0.0998314	0.002858007	0.001465848	0.595515364	0.404683612	0.005800006	0.003161567	2.661528721	1.770270135	0.0133285	0.006857707	x	x
0.000862389	0.000327033	0.036201261	0.023372516	0.001197483	0.000687097	0.168425115	0.096747688	0.002629576	0.001506534	0.596837468	0.407237448	0.005946958	0.003171486	2.640823844	1.755836529	0.013240914	0.006774961	x	x
0.000530409	0.000357508	0.03628436	0.02329478	0.001205176	0.000689571	0.154242288	0.115643931	0.002878251	0.001479336	0.615911965	0.420709445	0.005840321	0.003135129	2.667528817	1.765780288	0.013245529	0.006775261	x	x
0.000525439	0.000320503	0.036331029	0.023437178	0.00118306	0.000687248	0.22982334	0.112303833	0.002799148	0.001493077	0.604891156	0.433739245	0.005836189	0.003197423	2.635614319	1.757749694	0.013298393	0.006771246	x	x
0.000530823	0.00031738	0.03610955	0.02323671	0.001174818	0.00068936	0.165395269	0.106157799	0.002612603	0.001466528	0.626569657	0.400388373	0.005820032	0.003133395	2.644147243	1.769593506	0.013250872	0.006763117	x	x
0.000540709	0.000329171	0.036200649	0.023258387	0.001178135	0.000688043	0.158826976	0.107952313	0.002851586	0.001451241	0.597451475	0.401835404	0.005839281	0.003175362	2.654729523	1.754066658	0.01326831	0.006777637	x	x
0.000550934	0.000338586	0.036332461	0.023480996	0.00118831	0.000685866	0.145626352	0.108280629	0.002619815	0.001588327	0.594248922	0.402307582	0.005887053	0.003159422	2.672471724	1.769548086	0.013293055	0.006783934	x	x
0.00057664	0.000319746	0.036633601	0.023465261	0.001186321	0.000683352	0.176973176	0.107058046	0.002647389	0.001446985	0.605900009	0.399438491	0.005839131	0.003187949	2.658893817	1.754731912	0.013238046	0.006812879	x	x
0.000534335	0.000316758	0.03633718	0.023405047	0.001189537	0.000684442	0.176716088	0.133262428	0.002735811	0.001498183	0.598347697	0.401373346	0.005887019	0.003138545	2.675003684	1.77203652	0.013286208	0.006742145	x	x
0.000537495	0.000313669	0.036468025	0.023494564	0.001185743	0.000685765	0.148687507	0.095911707	0.002625185	0.001451426	0.595683209	0.400100009	0.0058057	0.003178787	2.651417697	1.786262829	0.01338072	0.00674814	x	x